49 186   -1 -1
44 64 A -1 -1
32 13 B -1 -1
36 22 C -1 -1
38 32 D -1 -1
47 103 E -1 -1
35 21 F -1 -1
32 15 G -1 -1
40 47 H -1 -1
42 57 I -1 -1
27 1 J -1 -1
30 5 K -1 -1
38 32 L -1 -1
35 20 M -1 -1
42 57 N -1 -1
43 63 O -1 -1
33 15 P -1 -1
27 1 Q -1 -1
41 48 R -1 -1
41 51 S -1 -1
45 80 T -1 -1
36 23 U -1 -1
31 8 V -1 -1
34 18 W -1 -1
28 1 X -1 -1
33 16 Y -1 -1
28 1 Z -1 -1
29 2  10 -1
29 2  24 -1
30 4  27 -1
31 9  29 -1
34 17  22 -1
37 28  2 -1
37 31  16 -1
39 35  31 -1
39 41  13 -1
40 45  3 -1
43 59  32 -1
44 64  4 -1
45 76  34 -1
46 92  36 -1
46 99  18 -1
47 114  9 -1
48 122  37 -1
48 128  1 -1
49 156  39 -1
50 191  40 -1
50 217  5 -1
51 250  43 -1
51 342  45 -1
52 408  46 -1
52 592  48 -1
-1 1000  50 -1
